,CUISINE DESCRIPTION,cuisine score mean,cuisine score std,cuisine count
0,Afghan,14.083333333333334,10.543919689766344,12
1,African,20.181818181818183,11.82163478335585,66
2,American,15.51052034773844,11.191668733310474,7937
3,Armenian,15.324324324324325,16.44190792871485,37
4,Asian,17.96816976127321,11.473329159997885,377
5,Australian,19.94871794871795,12.462467268496779,39
6,Bagels/Pretzels,15.761421319796954,11.044849848396526,197
7,Bakery,15.668639053254438,12.15734956177958,676
8,Bangladeshi,18.9,16.625598525039315,20
9,Barbecue,15.672131147540984,11.631453493975446,61
10,Basque,10.0,4.242640687119285,2
11,"Bottled beverages, including water, sodas, juices, etc.",12.0,8.68538412713551,79
12,Brazilian,16.02857142857143,16.489721779634365,35
13,Café/Coffee/Tea,12.063038548752834,9.916581231554362,2205
14,Californian,22.416666666666668,10.807895542639466,12
15,Caribbean,20.645833333333332,14.114553270829639,96
16,Chicken,15.626459143968871,10.726744481854144,257
17,Chinese,20.169939577039276,14.353562784974196,1324
18,Chinese/Cuban,22.115384615384617,13.408435920947449,26
19,Chinese/Japanese,18.310344827586206,11.321779812583438,58
20,Continental,14.257575757575758,11.001133656352952,66
21,Creole,13.5,6.6558245169174945,6
22,Delicatessen,22.26558265582656,14.134829486726348,369
23,Donuts,11.183060109289617,8.249322923262694,366
24,Eastern European,20.102040816326532,11.78495668560698,49
25,Egyptian,13.666666666666666,9.17877987534291,9
26,English,18.757575757575758,10.27749453609166,33
27,Ethiopian,15.028571428571428,12.898895790145838,35
28,Filipino,23.59090909090909,11.725670215017221,22
29,French,15.647779479326188,10.209386791119368,653
30,Fruits/Vegetables,12.166666666666666,8.256310717667223,6
31,German,16.710526315789473,8.928871768978224,38
32,Greek,16.184,10.709043510193887,125
33,Hamburgers,13.643884892086332,10.484946163164787,278
34,Hawaiian,12.777777777777779,9.227632759771401,36
35,Hotdogs,7.552631578947368,9.140635049264393,38
36,Hotdogs/Pretzels,6.625,11.434736775641367,40
37,"Ice Cream, Gelato, Yogurt, Ices",11.284313725490197,8.121463930474471,204
38,Indian,19.842377260981912,12.679323568213764,387
39,Indonesian,16.166666666666668,6.76510655249913,6
40,Iranian,19.5,6.123724356957944,6
41,Irish,16.48941798941799,9.53653559035988,378
42,Italian,16.672703751617075,10.770761936139682,1546
43,Japanese,17.728308501314636,12.078172847302064,1141
44,Jewish/Kosher,18.056701030927837,13.051983806624667,194
45,"Juice, Smoothies, Fruit Salads",13.35309973045822,10.44428512235538,371
46,Korean,19.425925925925927,13.10467133695124,270
47,"Latin (Cuban, Dominican, Puerto Rican, South & Central American)",19.82278481012658,12.753845179727735,553
48,Mediterranean,16.526760563380282,11.614390033944407,355
49,Mexican,15.874125874125873,10.485329285014169,858
50,Middle Eastern,13.717391304347826,8.510182077044496,138
51,Moroccan,17.047619047619047,9.041438992086329,21
52,Not Listed/Not Applicable,13.428571428571429,7.435436388384631,7
53,Nuts/Confectionary,5.75,4.349329450233296,4
54,Other,12.986301369863014,9.7003624655716,73
55,Pakistani,22.1,14.130593908626993,20
56,Pancakes/Waffles,15.5,9.22496612459905,6
57,Peruvian,21.575757575757574,14.36364835058955,33
58,Pizza,15.987556561085972,10.878244266716731,884
59,Pizza/Italian,17.922437673130194,12.1618515877001,361
60,Polish,20.857142857142858,11.36410388648648,7
61,Portuguese,10.0,2.738612787525831,5
62,Russian,17.47826086956522,12.108860637105945,23
63,Salads,12.822857142857142,8.047098631651068,175
64,Sandwiches,12.286353467561522,8.973471959326854,447
65,Sandwiches/Salads/Mixed Buffet,12.730407523510971,9.47170812814927,319
66,Scandinavian,14.727272727272727,11.172205772280682,11
67,Seafood,15.843478260869565,11.770432428416855,230
68,Soul Food,16.725,13.715025449372053,40
69,Soups,7.714285714285714,5.589105048046175,7
70,Soups & Sandwiches,14.049504950495049,11.161878191078562,101
71,Southwestern,14.75,2.9860788111948193,4
72,Spanish,18.195286195286194,11.78734338990191,297
73,Steak,16.346666666666668,10.363841807082796,150
74,Tapas,16.4,10.127755357009201,50
75,Tex-Mex,13.56578947368421,9.68077979224033,152
76,Thai,19.32930513595166,12.329455459992678,331
77,Turkish,20.246753246753247,12.75596438838653,77
78,Vegetarian,18.02777777777778,13.290661465291269,180
79,Vietnamese/Cambodian/Malaysia,20.007751937984494,13.679076245784453,129
